0.000000
0.012527
0.049911
0.124089
0.246420
0.427504
0.677015
1.003549
1.414488
1.915886
2.499842
3.157158
13.832904
13.941157
13.942515
13.836957
13.626144
13.313400
12.903651
12.403355
11.820391
11.163944
0.000000
0.000000
0.000000
0.000000
0.000000
0.000000
0.000000
0.000000
0.000000
0.000000
0.000000
0.000000
0.000000
0.000000
0.000000
0.000000
0.000000
0.000000
0.000000
0.000000
0.000000
0.000000
0.000000
0.000000
0.000000
0.000000
0.000000
0.000000
0.000000
0.000000
0.000000
0.000000
0.000000
0.000000
0.000000
0.000000
0.000000
0.000000
0.000000
0.000000
0.000000
0.000000
0.000000
0.000000
0.000000
0.000000
0.000000
0.000000
0.000000
0.000000
0.000000
0.000000
0.000000
0.000000
0.000000
0.000000
0.000000
0.000000
0.000000
0.000000
0.000000
0.000000
0.000000
0.000000
0.000000
0.000000
0.000000
0.000000
0.000000
0.000000
0.000000
0.000000
0.000000
0.000000
0.000000
0.000000
0.000000
0.000000
0.000000
0.000000
0.000000
0.000000
0.000000
0.000000
0.000000
0.000000
0.000000
0.000000
0.000000
0.000000
0.000000
0.000000
0.000000
0.000000
0.000000
0.000000
0.000000
0.000000
0.000000
0.000000
0.000000
0.000000
0.000000
0.000000
0.000000
0.000000
0.000000
0.000000
0.000000
0.000000
0.000000
0.000000
0.000000
0.000000
0.000000
0.000000
0.000000
0.000000
0.000000
0.000000
0.000000
0.000000
0.000000
0.000000
0.000000
0.000000
0.000000
0.000000
0.000000
0.000000
0.000000
0.000000
0.000000
0.000000
0.000000
0.000000
0.000000
0.000000
0.000000
0.000000
0.000000
0.000000
0.000000
0.000000
0.000000
0.000000
0.000000
0.000000
0.000000
0.000000
0.000000
0.000000
0.000000
0.000000
0.000000
0.000000
0.000000
0.000000
0.000000
0.000000
0.000000
0.000000
0.000000
0.000000
0.000000
0.000000
0.000000
0.000000
0.000000
0.000000
0.000000
0.000000
0.000000
0.000000
0.000000
0.000000
0.000000
0.000000
0.000000
0.000000
0.000000
0.000000
0.000000
0.000000
0.000000
0.000000
0.000000
0.000000
0.000000
0.000000
0.000000
0.000000
0.000000
0.000000
0.000000
0.000000
0.000000
0.000000
0.000000
0.000000
0.000000
0.000000
0.000000
0.000000
0.000000
0.000000
0.000000
0.000000
0.000000
0.000000
0.000000
0.000000
0.000000
0.000000
0.000000
0.000000
0.000000
0.000000
0.000000
0.000000
0.000000
0.000000
0.000000
0.000000
0.000000
0.000000
0.000000
0.000000
0.000000
0.000000
0.000000
0.000000
0.000000
0.000000
0.000000
0.000000
0.000000
0.000000
0.000000
0.000000
0.000000
0.000000
0.000000
0.000000
0.000000
0.000000
0.000000
0.000000
0.000000
0.000000
0.000000
0.000000
0.000000
0.000000
0.000000
0.000000
0.000000
0.000000
0.000000
0.000000
0.000000
0.000000
0.000000
0.000000
0.000000
0.000000
0.000000
0.000000
0.000000
0.000000
0.000000
0.000000
0.000000
0.000000
0.000000
0.000000
0.000000
0.000000
0.000000
0.000000
0.000000
0.000000
0.000000
0.000000
0.000000
0.000000
0.000000
0.000000
0.000000
0.000000
0.000000
0.000000
0.000000
0.000000
0.000000
0.000000
0.000000
0.000000
0.000000
0.000000
0.000000
0.000000
0.000000
0.000000
0.000000
0.000000
0.000000
0.000000
0.000000
0.000000
0.000000
0.000000
0.000000
0.000000
0.000000
0.000000
0.000000
0.000000
0.000000
0.000000
0.000000
0.000000
0.000000
0.000000
0.000000
0.000000
0.000000
0.000000
0.000000
0.000000
0.000000
0.000000
0.000000
0.000000
0.000000
0.000000
0.000000
0.000000
0.000000
0.000000
0.000000
0.000000
0.000000
0.000000
0.000000
0.000000
0.000000
0.000000
0.000000
0.000000
0.000000
0.000000
0.000000
0.000000
0.000000
0.000000
0.000000
0.000000
0.000000
0.000000
0.000000
0.000000
0.000000
0.000000
0.000000
0.000000
0.000000
0.000000
0.000000
0.000000
0.000000
0.000000
0.000000
0.000000
0.000000
0.000000
0.000000
0.000000
0.000000
0.000000
0.000000
0.000000
0.000000
0.000000
0.000000
0.000000
0.000000
0.000000
0.000000
0.000000
0.000000
0.000000
0.000000
0.000000
0.000000
0.000000
0.000000
0.000000
0.000000
0.000000
0.000000
0.000000
0.000000
0.000000
0.000000
0.000000
0.000000
0.000000
0.000000
0.000000
0.000000
0.000000
0.000000
0.000000
0.000000
0.000000
0.000000
0.000000
0.000000
0.000000
0.000000
0.000000
0.000000
0.000000
0.000000
0.000000
0.000000
0.000000
0.000000
0.000000
0.000000
0.000000
0.000000
0.000000
0.000000
0.000000
0.000000
0.000000
0.000000
0.000000
0.000000
0.000000
0.000000
0.000000
0.000000
0.000000
0.000000
0.000000
0.000000
0.000000
0.000000
0.000000
0.000000
0.000000
0.000000
0.000000
0.000000
0.000000
0.000000
0.000000
0.000000
0.000000
0.000000
0.000000
0.000000
0.000000
0.000000
0.000000
0.000000
0.000000
0.000000
0.000000
0.000000
0.000000
0.000000
0.000000
0.000000
0.000000
0.000000
0.000000
0.000000
0.000000
0.000000
0.000000
0.000000
0.000000
0.000000
0.000000
0.000000
0.000000
0.000000
0.000000
0.000000
0.000000
0.000000
0.000000
0.000000
0.000000
0.000000
0.000000
0.000000
0.000000
0.000000
0.000000
0.000000
0.000000
0.000000
0.000000
0.000000
0.000000
0.000000
0.000000
0.000000
0.000000
0.000000
0.000000
0.000000
0.000000
0.000000
0.000000
0.000000
0.000000
0.000000
0.000000
0.000000
0.000000
0.000000
0.000000
0.000000
0.000000
0.000000
0.000000
0.000000
0.000000
0.000000
0.000000
0.000000
0.000000
0.000000
0.000000
0.000000
0.000000
0.000000
0.000000
0.000000
0.000000
0.000000
0.000000
0.000000
0.000000
0.000000
0.000000
0.000000
0.000000
0.000000
0.000000
0.000000
0.000000
0.000000
0.000000
0.000000
0.000000
0.000000
0.000000
0.000000
0.000000
0.000000
0.000000
0.000000
0.000000
0.000000
0.000000
0.000000
0.000000
0.000000
0.000000
0.000000
0.000000
0.000000
0.000000
0.000000
0.000000
0.000000
0.000000
0.000000
0.000000
0.000000
0.000000
0.000000
0.000000
0.000000
0.000000
0.000000
0.000000
0.000000
0.000000
0.000000
0.000000
0.000000
0.000000
0.000000
0.000000
0.000000
0.000000
0.000000
0.000000
0.000000
0.000000
0.000000
0.000000
0.000000
0.000000
0.000000
0.000000
0.000000
0.000000
0.000000
0.000000
0.000000
0.000000
0.000000
0.000000
0.000000
0.000000
0.000000
0.000000
0.000000
0.000000
0.000000
0.000000
0.000000
0.000000
0.000000
0.000000
0.000000
0.000000
0.000000
0.000000
0.000000
0.000000
0.000000
0.000000
0.000000
0.000000
0.000000
0.000000
0.000000
0.000000
0.000000
0.000000
0.000000
0.000000
0.000000
0.000000
0.000000
0.000000
0.000000
0.000000
0.000000
0.000000
0.000000
0.000000
0.000000
0.000000
0.000000
0.000000
0.000000
0.000000
0.000000
0.000000
0.000000
0.000000
0.000000
0.000000
0.000000
0.000000
0.000000
0.000000
0.000000
0.000000
0.000000
0.000000
0.000000
0.000000
0.000000
0.000000
0.000000
0.000000
0.000000
0.000000
0.000000
0.000000
0.000000
0.000000
0.000000
0.000000
0.000000
0.000000
0.000000
0.000000
0.000000
0.000000
0.000000
0.000000
0.000000
0.000000
0.000000
0.000000
0.000000
0.000000
0.000000
0.000000
0.000000
0.000000
0.000000
0.000000
0.000000
0.000000
0.000000
0.000000
0.000000
0.000000
0.000000
0.000000
0.000000
0.000000
0.000000
0.000000
0.000000
0.000000
0.000000
0.000000
0.000000
0.000000
0.000000
0.000000
0.000000
0.000000
0.000000
0.000000
0.000000
0.000000
0.000000
0.000000
0.000000
0.000000
0.000000
0.000000
0.000000
0.000000
0.000000
0.000000
0.000000
0.000000
0.000000
0.000000
0.000000
0.000000
0.000000
0.000000
0.000000
0.000000
0.000000
0.000000
0.000000
0.000000
0.000000
0.000000
0.000000
0.000000
0.000000
0.000000
0.000000
0.000000
0.000000
0.000000
0.000000
0.000000
0.000000
0.000000
0.000000
0.000000
0.000000
0.000000
0.000000
0.000000
0.000000
0.000000
0.000000
0.000000
0.000000
0.000000
0.000000
0.000000
0.000000
0.000000
0.000000
0.000000
0.000000
0.000000
0.000000
0.000000
0.000000
0.000000
0.000000
0.000000
0.000000
0.000000
0.000000
0.000000
0.000000
0.000000
0.000000
0.000000
0.000000
0.000000
0.000000
0.000000
0.000000
0.000000
0.000000
0.000000
0.000000
0.000000
0.000000
0.000000
0.000000
0.000000
0.000000
0.000000
0.000000
0.000000
0.000000
0.000000
0.000000
0.000000
0.000000
0.000000
0.000000
0.000000
0.000000
0.000000
0.000000
0.000000
0.000000
0.000000
0.000000
0.000000
0.000000
0.000000
0.000000
0.000000
0.000000
0.000000
0.000000
0.000000
0.000000
0.000000
0.000000
0.000000
0.000000
0.000000
0.000000
0.000000
0.000000
0.000000
0.000000
0.000000
0.000000
0.000000
0.000000
0.000000
0.000000
0.000000
0.000000
0.000000
0.000000
0.000000
0.000000
0.000000
0.000000
0.000000
0.000000
0.000000
0.000000
0.000000
0.000000
0.000000
0.000000
0.000000
0.000000
0.000000
0.000000
0.000000
0.000000
0.000000
0.000000
0.000000
0.000000
0.000000
0.000000
0.000000
0.000000
0.000000
0.000000
0.000000
0.000000
0.000000
0.000000
0.000000
0.000000
0.000000
0.000000
0.000000
0.000000
0.000000
0.000000
0.000000
0.000000
0.000000
0.000000
0.000000
0.000000
0.000000
0.000000
0.000000
0.000000
0.000000
0.000000
0.000000
0.000000
0.000000
0.000000
0.000000
0.000000
0.000000
0.000000
0.000000
0.000000
0.000000
0.000000
0.000000
0.000000
0.000000
0.000000
0.000000
0.000000
0.000000
0.000000
0.000000
0.000000
0.000000
0.000000
0.000000
0.000000
0.000000
0.000000
0.000000
0.000000
0.000000
0.000000
0.000000
0.000000
0.000000
0.000000
0.000000
0.000000
0.000000
0.000000
0.000000
0.000000
0.000000
0.012527
0.049911
0.124089
0.246420
0.427504
0.677015
1.003549
1.414488
1.915886
2.499842
3.157158
3.877476
4.649450
5.460916
6.299090
7.150766
8.002528
8.840956
9.652842
10.366510
0.000000
0.000000
0.000000
0.000000
0.000000
0.012527
0.049911
0.124089
0.246420
0.427504
0.677015
1.003549
1.414488
1.915886
2.499842
3.157158
3.877476
4.649450
5.460916
6.299090
7.150766
8.002528
8.840956
9.652842
10.425392
11.146438
11.804619
12.389565
12.892062
13.304192
13.619461
13.832904
13.941157
13.942515
13.836957
13.626144
13.313400
12.903651
12.403355
11.820391
11.163944
0.000000
0.000000
0.000000
0.000000
0.012527
0.049911
0.124089
0.246420
0.427504
0.608588
0.000000
0.000000
0.012527
0.049911
0.124089
0.246420
0.427504
0.677015
1.003549
1.414488
1.915886
2.499842
3.157158
3.877476
4.649450
5.460916
6.299090
7.150766
8.002528
8.840956
9.652842
10.425392
11.146438
11.804619
12.389565
12.892062
13.304192
13.619461
13.832904
13.941157
13.942515
13.836957
13.626144
13.313400
12.903651
12.403355
11.820391
11.163944
10.444356
9.672963
8.861918
8.024000
7.172410
6.320563
5.481883
4.669579
3.896451
3.174677
2.515631
1.929695
1.426101
1.012781
0.696248
0.481489
0.371886
0.369168
0.473376
0.682869
0.994347
1.402901
1.902097
2.484068
3.139646
3.858503
4.629314
5.439935
6.277594
7.129094
7.981020
8.819952
9.632670
10.406373
11.128869
11.788776
12.375699
12.867389
0.000000
0.012527
0.049911
0.124089
0.246420
0.427504
0.437178
0.704959
0.712342
1.077964
1.538672
1.541801
2.105437
2.756352
0.368751
2.656545
0.368751
2.656545
0.025054
0.368751
0.025054
1.443586
0.627936
0.627936
0.608588
0.368751
0.368751
2.656545
2.656545
0.987506
2.656545
2.656545
2.656545
0.627936
0.987506
0.627936
0.368751
0.627936
0.627936
0.000000
0.012527
0.049911
0.124089
0.246420
0.427504
0.677015
1.003549
1.414488
1.915886
2.499842
3.157158
0.000000
0.012527
0.049911
0.124089
0.246420
0.427504
0.093481
0.102077
0.276032
0.282085
0.557179
0.930489
0.932071
0.932081
1.405208
0.927408
1.968872
0.916764
1.353473
1.344892
1.335230
1.801989
2.305691
1.778708
1.766382
1.753856
1.741328
2.197483
2.135835
2.174172
2.511012
2.501325
2.758404
2.433495
2.744935
2.720915
2.717766
2.757397
2.716134
2.717677
2.720767
2.772593
2.778611
2.656735
2.677337
2.686986
2.697564
2.696870
2.475110
2.513218
2.525742
2.190954
2.294672
2.215242
1.944365
1.954986
2.246938
1.973311
2.044118
1.986813
1.911274
1.831530
1.833151
1.827330
1.994796
1.991724
1.987152
1.911104
1.811379
1.796277
2.038383
1.776074
1.863682
1.909719
1.897401
2.026782
1.775254
1.845225
1.989954
1.739573
1.728942
1.719229
2.090366
1.673421
1.697053
1.682056
1.621623
1.520433
1.951105
1.678660
1.931023
1.529471
1.628472
1.635527
1.644327
1.592137
1.664244
1.671452
1.687481
1.560753
1.754676
1.858930
1.737193
1.610114
1.540465
1.905271
2.087329
1.668207
1.675654
1.681777
1.587758
1.748966
2.119124
2.026531
2.277428
2.463078
1.813296
1.720808
1.906584
2.311660
2.238461
1.711967
1.688407
1.627009
2.417735
2.476036
1.630644
1.618296
1.606328
2.195200
1.655111
1.432906
1.375604
2.158679
2.081384
1.824161
2.073438
1.573888
1.597890
1.353726
2.003079
1.812242
2.390326
1.721279
1.628623
1.998713
2.240827
2.366737
1.484370
2.420326
1.737147
1.611257
1.499430
1.870710
2.134361
1.719123
0.000000
0.000000
0.000000
0.000000
0.000000
0.000000
0.000000
0.000000
0.000000
0.000000
0.000000
0.000000
0.000000
0.000000
0.000000
0.000000
0.000000
0.000000
0.000000
0.000000
0.000000
0.000000
0.000000
0.000000
0.000000
0.000000
0.000000
0.000000
0.000000
0.000000
0.000000
0.000000
0.000000
0.000000
0.000000
0.000000
0.000000
0.000000
0.000000
0.000000
0.000000
0.012527
0.049911
0.124089
0.246420
0.427504
0.068427
0.077023
0.084405
0.259269
0.249132
0.519456
0.253844
0.253854
0.252291
0.884916
0.518086
0.154046
0.000000
0.427559
0.000000
0.154046
0.000000
0.154046
0.000000
0.154046
0.000000
0.154046
0.000000
0.000000
0.000000
0.000000
0.168811
0.000000
0.000000
0.154046
0.430684
0.025054
0.154046
0.154046
0.154046
0.000000
0.154046
0.000000
0.000000
0.012527
0.049911
0.036795
0.121742
0.058753
0.185932
0.390135
0.171700
0.403570
0.087294
0.073589
0.025054
0.000000
0.000000
0.293489
0.025054
0.117506
0.621208
0.117506
0.621208
0.594337
0.000000
0.000000
0.293489
0.000000
0.000000
0.087294
0.073589
0.000000
0.025054
0.206690
0.025054
0.206690
0.000000
0.293489
0.087294
0.073589
0.000000
0.087294
0.000000
0.087294
0.087294
0.073589
0.000000
0.073589
0.293489
0.000000
0.073589
0.025054
0.313112
0.000000
0.000000
0.000000
0.594337
0.087294
0.293489
0.117506
0.087294
0.206690
0.206690
0.313112
0.594337
0.087294
0.000000
0.025054
0.117506
0.000000
0.000000
0.073589
0.073589
0.000000
0.087294
0.073589
0.293489
0.025054
0.025054
0.000000
0.206690
0.594337
0.313112
0.073589
0.000000
0.594337
0.025054
0.313112
0.025054
0.073589
0.087294
0.087294
0.000000
0.025054
0.000000
0.206690
0.073589
0.025054
0.087294
0.073589
0.313112
0.000000
0.025054
0.000000
0.073589
0.025054
0.087294
0.087294
0.073589
0.206690
0.087294
0.000000
0.594337
0.073589
0.313112
0.117506
0.117506
0.087294
0.025054
0.025054
0.000000
0.087294
0.025054
0.025054
0.000000
0.000000
0.000000
0.087294
0.594337
0.117506
0.206690
0.087294
0.206690
0.000000
0.025054
0.073589
0.025054
0.206690
0.313112
0.206690
0.073589
0.594337
0.117506
0.117506
0.073589
0.000000
0.025054
0.025054
0.000000
0.117506
0.206690
0.000000
0.073589
0.073589
0.087294
0.206690
0.117506
0.313112
0.206690
0.313112
0.073589
0.087294
0.206690
0.073589
0.087294
0.206690
0.206690
0.206690
0.293489
0.087294
0.313112
0.594337
0.087294
0.087294
0.000000
0.087294
0.293489
0.073589
0.117506
0.025054
0.117506
0.025054
0.087294
0.025054
0.206690
0.000000
0.000000
0.087294
0.000000
0.000000
0.594337
0.117506
0.117506
0.000000
0.025054
0.594337
0.000000
0.117506
0.117506
0.087294
0.000000
0.117506
0.206690
0.594337
0.073589
0.025054
0.293489
0.206690
0.293489
0.293489
0.313112
0.073589
0.313112
0.025054
0.000000
0.000000
0.000000
0.000000
0.073589
0.087294
0.117506
0.000000
0.012527
0.049911
0.124089
0.246420
0.427504
0.677015
1.003549
0.171700
0.090458
1.425169
1.024742
0.187092
0.099808
0.706834
0.608588
0.608588
0.199616
1.372468
0.000000
0.198267
0.087294
1.330083
0.000000
0.368751
0.293489
1.330083
0.293489
1.372468
0.368751
0.608588
1.846788
0.180917
0.926526
0.025054
0.608588
0.368751
0.025054
0.198267
0.368751
1.372468
0.368751
0.926526
0.198267
0.000000
0.087294
1.846788
0.198267
0.608588
0.198267
0.025054
0.926526
0.025054
0.926526
0.368751
0.198267
0.000000
0.368751
0.608588
0.324273
0.000000
0.025054
0.608588
0.198267
1.846788
1.846788
0.025054
0.180917
0.926526
0.025054
0.025054
0.293489
0.025054
0.608588
0.608588
0.000000
0.926526
0.198267
0.324273
0.368751
0.000000
0.198267
1.330083
0.000000
0.198267
1.372468
0.000000
0.293489
1.330083
0.087294
0.293489
0.608588
1.846788
0.293489
0.368751
0.293489
0.368751
0.000000
0.000000
0.012527
0.024857
0.036795
0.121742
0.083807
0.223513
0.150612
0.084405
0.164048
0.095086
0.123270
0.289970
0.173397
0.147959
0.095135
0.324538
0.274761
0.267395
0.359844
0.350182
0.411513
0.491330
0.509864
0.467072
0.155246
-0.012369
0.144109
0.118440
-0.048013
0.381030
0.138379
0.362733
0.225680
0.272830
0.441280
0.457454
0.629971
0.053256
0.128410
0.131501
0.017162
0.451741
0.077861
0.463720
0.131162
0.504868
0.562421
0.046750
0.012211
0.073271
0.027850
-0.071479
0.399718
0.339174
0.058495
0.141784
0.310832
0.239321
0.090322
0.285257
0.389456
0.303589
0.409827
0.828063
0.095233
0.690173
0.539048
0.387326
0.068774
0.059139
0.000000
0.012527
0.049911
0.036795
0.048153
0.058753
0.068427
0.194528
0.084405
0.420762
0.742082
0.745212
0.187092
0.187102
0.428550
0.095135
0.662571
0.087294
0.324273
0.096306
0.330304
0.096306
0.025054
0.000000
0.073589
0.000000
0.000000
0.025054
0.087294
0.000000
0.025054
0.000000
0.000000
0.096306
0.025054
0.000000
0.000000
0.073589
0.073589
0.025054
0.087294
0.073589
0.073589
0.025054
0.000000
0.000000
0.025054
0.025054
0.000000
0.000000
0.000000
0.087294
0.646996
0.096306
0.000000
0.096306
0.168811
0.000000
0.025054
0.646996
0.025054
0.000000
0.000000
0.168811
0.000000
0.000000
0.025054
0.000000
0.025054
0.000000
0.087294
0.087294
0.000000
0.000000
0.117506
0.117506
0.096306
0.073589
0.000000
0.000000
0.136854
0.025054
0.000000
0.025054
0.117506
0.000000
0.000000
0.136854
0.000000
0.136854
0.025054
0.073589
0.000000
0.073589
0.000000
0.087294
0.000000
0.000000
0.000000
0.000000
0.000000
0.073589
0.000000
0.025054
0.073589
0.117506
0.025054
0.000000
0.000000
0.000000
0.324273
0.096306
0.000000
0.000000
0.000000
0.000000
0.025054
0.025054
0.000000
0.087294
0.096306
0.646996
0.662571
0.073589
0.324273
0.000000
0.000000
0.012527
0.024857
0.086508
0.196312
0.364869
0.374543
0.629797
0.000000
0.000000
0.000000
0.000000
0.000000
0.000000
0.000000
0.025054
0.306117
0.000000
0.000000
0.000000
0.000000
0.000000
0.148159
0.000000
0.049713
0.000000
0.000000
0.000000
0.000000
0.000000
0.000000
0.049713
0.000000
0.000000
0.000000
0.306117
0.148159
0.025054
0.000000
0.000000
0.049713
0.025054
0.000000
0.000000
0.148159
0.000000
0.000000
0.025054
0.306117
0.000000
0.000000
0.000000
0.306117
0.025054
0.000000
0.000000
0.000000
0.000000
0.025054
0.000000
0.025054
0.000000
0.000000
0.000000
0.306117
0.000000
0.000000
0.049713
0.000000
0.306117
0.000000
0.000000
0.000000
0.000000
0.000000
0.025054
0.000000
0.000000
0.000000
0.148159
0.000000
0.000000
0.000000
0.000000
0.306117
0.000000
0.025054
0.000000
0.025054
0.000000
0.000000
0.000000
0.049713
0.533426
0.025054
0.533426
0.000000
0.000000
0.000000
0.000000
0.000000
0.000000
0.148159
0.000000
0.049713
0.533426
0.025054
0.000000
0.000000
0.000000
0.000000
0.025054
0.025054
0.000000
0.000000
0.306117
0.000000
0.306117
0.000000
0.049713
0.000000
0.000000
0.000000
0.000000
0.000000
0.000000
0.000000
0.148159
0.000000
0.533426
0.000000
0.000000
0.000000
0.000000
0.000000
0.533426
0.049713
0.025054
0.000000
0.000000
0.000000
0.000000
0.000000
0.000000
0.000000
0.025054
0.000000
0.000000
0.000000
0.000000
0.000000
0.025054
0.000000
0.000000
0.000000
0.000000
0.000000
0.000000
0.148159
0.000000
0.148159
0.049713
0.000000
0.049713
0.000000
0.000000
0.000000
0.000000
0.000000
0.000000
0.049713
0.000000
0.000000
0.000000
0.000000
0.000000
0.000000
0.025054
0.000000
0.000000
0.000000
0.000000
0.000000
0.000000
0.049713
0.000000
0.000000
0.000000
0.000000
0.000000
0.000000
0.000000
0.000000
0.000000
0.000000
0.148159
0.000000
0.000000
0.000000
0.025054
0.000000
0.049713
0.049713
0.000000
0.000000
0.000000
0.000000
0.000000
0.306117
0.000000
0.000000
0.000000
0.000000
0.000000
0.000000
0.148159
0.049713
0.000000
0.000000
0.000000
0.000000
0.148159
0.000000
0.306117
0.025054
0.000000
0.000000
0.000000
0.000000
0.000000
0.000000
0.000000
0.000000
0.000000
0.000000
0.000000
0.000000
0.000000
0.025054
0.000000
0.049713
0.049713
0.000000
0.000000
0.000000
0.000000
0.148159
0.049713
0.000000
0.000000
0.049713
0.306117
0.000000
0.000000
0.000000
0.000000
0.000000
0.049713
0.000000
0.000000
0.306117
0.000000
0.049713
0.000000
0.000000
0.000000
0.000000
0.000000
0.000000
0.000000
0.025054
0.000000
0.000000
0.000000
0.000000
0.000000
0.000000
0.000000
0.000000
0.000000
0.049713
0.000000
0.000000
0.000000
0.025054
0.533426
0.000000
0.533426
0.000000
0.000000
0.025054
0.000000
0.000000
0.049713
0.000000
0.000000
0.000000
0.000000
0.148159
0.148159
0.000000
0.000000
0.000000
0.025054
0.306117
0.000000
0.000000
0.000000
0.000000
0.148159
0.049713
0.000000
0.000000
0.000000
0.000000
0.049713
0.000000
0.000000
0.000000
0.000000
0.000000
0.000000
0.000000
0.000000
0.000000
0.025054
0.049713
0.000000
0.049713
0.000000
0.148159
0.148159
0.000000
0.000000
0.000000
0.306117
0.049713
0.000000
0.025054
0.000000
0.306117
0.533426
0.000000
0.000000
0.000000
0.148159
0.000000
0.148159
0.000000
0.000000
0.000000
0.000000
0.049713
0.049713
0.000000
0.000000
0.148159
0.025054
0.000000
0.148159
0.000000
0.049713
0.306117
0.000000
0.000000
0.000000
0.000000
0.000000
0.000000
0.000000
0.000000
0.025054
0.000000
0.000000
0.000000
0.000000
0.000000
0.000000
0.000000
0.000000
0.000000
0.000000
0.000000
0.000000
0.000000
0.000000
0.000000
0.049713
0.000000
0.000000
0.000000
0.000000
0.000000
0.000000
0.000000
0.000000
0.000000
0.000000
0.000000
0.000000
0.049713
0.000000
0.025054
0.000000
0.000000
0.000000
0.000000
0.000000
0.000000
0.000000
0.000000
0.000000
0.049713
0.000000
0.148159
0.000000
0.000000
0.000000
0.000000
0.000000
0.148159
0.025054
0.000000
0.049713
0.000000
0.000000
0.000000
0.000000
0.000000
0.000000
0.000000
0.025054
0.000000
0.000000
0.000000
0.148159
0.025054
0.000000
0.000000
0.049713
0.000000
0.148159
0.148159
0.025054
0.000000
0.049713
0.148159
0.000000
0.000000
0.000000
0.000000
0.025054
0.000000
0.000000
0.148159
0.049713
0.000000
0.000000
0.000000
0.000000
0.025054
0.025054
0.025054
0.000000
0.306117
0.306117
0.000000
0.000000
0.148159
0.148159
0.000000
0.049713
0.049713
0.000000
0.000000
0.000000
0.049713
0.000000
0.000000
0.000000
0.000000
0.000000
0.306117
0.000000
0.000000
0.025054
0.000000
0.148159
0.025054
0.000000
0.000000
0.000000
0.025054
0.000000
0.049713
0.000000
0.000000
0.049713
0.000000
0.000000
0.000000
0.000000
0.000000
0.025054
0.000000
0.025054
0.148159
0.000000
0.000000
0.000000
0.000000
0.148159
0.049713
0.000000
0.000000
0.000000
0.025054
0.049713
0.148159
0.000000
0.025054
0.000000
0.000000
0.000000
0.000000
0.000000
0.049713
0.000000
0.049713
0.025054
0.025054
0.000000
0.148159
0.148159
0.025054
0.148159
0.000000
0.000000
0.049713
0.000000
0.000000
0.000000
0.000000
0.000000
0.025054
0.000000
0.025054
0.000000
0.000000
0.000000
0.000000
0.000000
0.000000
0.000000
0.000000
0.000000
0.000000
0.000000
0.000000
0.000000
0.000000
0.000000
0.000000
0.000000
0.049713
0.000000
0.000000
0.000000
0.000000
0.000000
0.049713
0.000000
0.000000
0.000000
0.000000
0.049713
0.000000
0.049713
0.000000
0.000000
0.000000
0.148159
0.000000
0.000000
0.000000
0.000000
0.000000
0.000000
0.000000
0.000000
0.000000
0.000000
0.000000
0.000000
0.000000
0.000000
0.000000
0.025054
0.025054
0.025054
0.000000
0.000000
0.000000
0.000000
0.025054
0.000000
0.000000
0.025054
0.148159
0.000000
0.000000
0.000000
0.000000
0.000000
0.000000
0.000000
0.000000
0.000000
0.000000
0.000000
0.000000
0.000000
0.000000
0.000000
0.306117
0.000000
0.000000
0.000000
0.000000
0.000000
0.000000
0.000000
0.148159
0.000000
0.000000
0.000000
0.533426
0.000000
0.025054
0.000000
0.000000
0.025054
0.000000
0.148159
0.000000
0.000000
0.000000
0.049713
0.025054
0.049713
0.000000
0.000000
0.000000
0.000000
0.000000
0.000000
0.000000
0.000000
0.000000
0.000000
0.049713
0.148159
0.000000
0.000000
0.000000
0.000000
0.000000
0.000000
0.000000
0.000000
0.000000
0.000000
0.000000
0.000000
0.000000
0.025054
0.000000
0.000000
0.000000
0.000000
0.000000
0.148159
0.025054
0.049713
0.000000
0.000000
0.533426
0.000000
0.000000
0.000000
0.000000
0.000000
0.049713
0.533426
0.000000
0.148159
0.000000
0.148159
0.000000
0.000000
0.000000
0.025054
0.000000
0.000000
0.306117
0.148159
0.000000
0.049713
0.000000
0.025054
0.000000
0.000000
0.049713
0.000000
0.000000
0.533426
0.049713
0.000000
0.000000
0.000000
0.000000
0.148159
0.000000
0.000000
0.000000
0.000000
0.148159
0.000000
0.000000
0.000000
0.000000
0.000000
0.049713
0.148159
0.000000
0.000000
0.000000
0.049713
0.025054
0.148159
0.306117
0.000000
0.025054
0.000000
0.000000
0.000000
0.000000
0.000000
0.306117
0.000000
0.000000
0.000000
0.000000
0.000000
0.000000
0.025054
0.000000
0.306117
0.000000
0.000000
0.000000
0.000000
0.000000
0.000000
0.000000
0.000000
0.000000
0.000000
0.000000
0.000000
0.000000
0.000000
0.000000
0.000000
0.148159
0.000000
0.306117
0.000000
0.000000
0.000000
0.148159
0.000000
0.000000
0.000000
0.000000
0.049713
0.306117
0.025054
0.000000
0.000000
0.000000
0.000000
0.148159
0.025054
0.000000
0.000000
0.000000
0.000000
0.148159
0.000000
0.025054
0.000000
0.000000
0.000000
0.049713
0.025054
0.000000
0.000000
0.000000
0.306117
0.148159
0.000000
0.000000
0.000000
0.000000
0.000000
0.025054
0.000000
0.000000
0.049713
0.049713
0.000000
0.000000
0.025054
0.000000
0.000000
0.049713
0.000000
0.533426
0.025054
0.000000
0.306117
0.000000
0.000000
0.000000
0.000000
0.000000
0.025054
0.000000
0.025054
0.049713
0.000000
0.000000
0.000000
0.049713
0.000000
0.000000
0.000000
0.000000
0.025054
0.000000
0.000000
0.000000
0.025054
0.000000
0.049713
0.025054
0.025054
0.000000
0.025054
0.000000
0.000000
0.049713
0.000000
0.025054
0.000000
0.000000
0.000000
0.000000
0.533426
0.025054
0.000000
0.000000
0.306117
0.025054
0.000000
0.000000
0.000000
0.533426
0.000000
0.000000
0.533426
0.000000
0.000000
0.000000
0.000000
0.049713
0.000000
0.000000
0.000000
0.049713
0.000000
0.552774
0.000000
0.000000
0.000000
0.148159
0.000000
0.148159
0.049713
0.000000
0.000000
0.000000
0.025054
0.000000
0.148159
0.148159
0.025054
0.000000
0.000000
0.000000
0.000000
0.000000
0.000000
0.012527
0.024857
0.061849
0.048153
0.058753
0.000000
0.096306
0.025054
0.049713
0.000000
0.000000
0.096306
0.000000
0.049713
0.000000
0.000000
0.000000
0.000000
0.096306
0.049713
0.096306
0.000000
0.096306
0.096306
0.025054
0.111170
0.117506
0.096306
0.000000
0.000000
0.049713
0.000000
0.000000
0.096306
0.025054
0.049713
0.000000
0.111170
0.000000
0.096306
0.000000
0.000000
0.049713
0.111170
0.000000
0.000000
0.025054
0.000000
0.000000
0.049713
0.025054
0.096306
0.000000
0.025054
0.000000
0.111170
0.000000
0.025054
0.025054
0.000000
0.000000
0.049713
0.000000
0.025054
0.000000
0.000000
0.096306
0.000000
0.000000
0.000000
0.025054
0.000000
0.000000
0.000000
0.000000
0.000000
0.049713
0.000000
0.000000
0.000000
0.000000
0.000000
0.000000
0.111170
0.000000
0.096306
0.000000
0.000000
0.000000
0.000000
0.049713
0.000000
0.000000
0.049713
0.096306
0.000000
0.000000
0.000000
0.000000
0.000000
0.000000
0.000000
0.025054
0.000000
0.000000
0.049713
0.000000
0.000000
0.000000
0.000000
0.000000
0.000000
0.000000
0.000000
0.000000
0.025054
0.049713
0.000000
0.025054
0.000000
0.096306
0.000000
0.000000
0.000000
0.000000
0.025054
0.000000
0.000000
0.000000
0.000000
0.025054
0.049713
0.000000
0.025054
0.000000
0.000000
0.000000
0.000000
0.000000
0.049713
0.000000
0.000000
0.000000
0.000000
0.111170
0.000000
0.000000
0.000000
0.000000
0.000000
0.000000
0.000000
0.000000
0.049713
0.000000
0.096306
0.000000
0.000000
0.000000
0.000000
0.000000
0.000000
0.049713
0.000000
0.000000
0.000000
0.025054
0.000000
0.000000
0.049713
0.000000
0.000000
0.000000
0.000000
0.025054
0.000000
0.000000
0.000000
0.025054
0.000000
0.000000
0.000000
0.000000
0.000000
0.000000
0.000000
0.111170
0.000000
0.000000
0.000000
0.000000
0.000000
0.000000
0.000000
0.000000
0.025054
0.111170
0.049713
0.000000
0.000000
0.000000
0.000000
0.025054
0.000000
0.000000
0.000000
0.049713
0.096306
0.049713
0.000000
0.000000
0.000000
0.096306
0.000000
0.000000
0.111170
0.000000
0.049713
0.049713
0.049713
0.000000
0.000000
0.025054
0.000000
0.000000
0.000000
0.025054
0.025054
0.000000
0.000000
0.000000
0.000000
0.000000
0.000000
0.000000
0.000000
0.000000
0.000000
0.000000
0.000000
0.000000
0.000000
0.000000
0.000000
0.000000
0.000000
0.111170
0.117506
0.049713
0.000000
0.111170
0.000000
0.111170
0.049713
0.000000
0.000000
0.111170
0.000000
0.000000
0.000000
0.000000
0.096306
0.000000
0.000000
0.000000
0.000000
0.000000
0.000000
0.000000
0.000000
0.000000
0.025054
0.000000
0.111170
0.000000
0.000000
0.000000
0.000000
0.025054
0.049713
0.000000
0.111170
0.000000
0.000000
0.000000
0.000000
0.000000
0.000000
0.049713
0.000000
0.000000
0.096306
0.000000
0.000000
0.000000
0.000000
0.000000
0.111170
0.000000
0.000000
0.000000
0.000000
0.111170
0.000000
0.049713
0.000000
0.000000
0.000000
0.000000
0.096306
0.000000
0.000000
0.000000
0.000000
0.025054
0.049713
0.000000
0.000000
0.096306
0.000000
0.000000
0.049713
0.111170
0.000000
0.000000
0.049713
0.025054
0.000000
0.000000
0.111170
0.096306
0.000000
0.000000
0.000000
0.049713
0.025054
0.000000
0.000000
0.000000
0.000000
0.000000
0.000000
0.000000
0.000000
0.000000
0.025054
0.000000
0.025054
0.096306
0.000000
0.111170
0.111170
0.049713
0.000000
0.000000
0.000000
0.000000
0.000000
0.025054
0.000000
0.000000
0.000000
0.111170
0.000000
0.000000
0.000000
0.000000
0.111170
0.000000
0.000000
0.000000
0.049713
0.111170
0.000000
0.000000
0.096306
0.000000
0.000000
0.000000
0.000000
0.000000
0.117506
0.025054
0.000000
0.096306
0.000000
0.000000
0.000000
0.096306
0.000000
0.000000
0.111170
0.000000
0.049713
0.000000
0.000000
0.000000
0.025054
0.000000
0.049713
0.000000
0.000000
0.000000
0.000000
0.096306
0.111170
0.000000
0.000000
0.096306
0.000000
0.000000
0.000000
0.000000
0.000000
0.000000
0.000000
0.000000
0.025054
0.111170
0.000000
0.000000
0.000000
0.000000
0.111170
0.000000
0.000000
0.000000
0.025054
0.000000
0.000000
0.000000
0.049713
0.000000
0.000000
0.000000
0.000000
0.096306
0.000000
0.000000
0.000000
0.000000
0.000000
0.096306
0.000000
0.096306
0.000000
0.000000
0.000000
0.000000
0.000000
0.096306
0.000000
0.000000
0.111170
0.000000
0.000000
0.000000
0.049713
0.049713
0.000000
0.000000
0.000000
0.000000
0.096306
0.000000
0.025054
0.000000
0.000000
0.000000
0.000000
0.000000
0.025054
0.000000
0.000000
0.000000
0.000000
0.000000
0.000000
0.000000
0.096306
0.000000
0.000000
0.000000
0.000000
0.000000
0.000000
0.000000
0.000000
0.111170
0.000000
0.096306
0.096306
0.025054
0.000000
0.000000
0.000000
0.000000
0.000000
0.000000
0.000000
0.025054
0.000000
0.049713
0.000000
0.000000
0.111170
0.000000
0.000000
0.049713
0.000000
0.000000
0.025054
0.096306
0.000000
0.049713
0.000000
0.000000
0.049713
0.000000
0.096306
0.111170
0.000000
0.000000
0.025054
0.000000
0.000000
0.000000
0.049713
0.000000
0.025054
0.096306
0.000000
0.111170
0.096306
0.000000
0.000000
0.049713
0.049713
0.049713
0.000000
0.025054
0.000000
0.000000
0.000000
0.000000
0.111170
0.000000
0.049713
0.025054
0.000000
0.000000
0.096306
0.025054
0.000000
0.000000
0.000000
0.000000
0.049713
0.000000
0.025054
0.000000
0.000000
0.025054
0.000000
0.111170
0.025054
0.000000
0.111170
0.049713
0.025054
0.000000
0.096306
0.111170
0.000000
0.096306
0.049713
0.000000
0.025054
0.096306
0.000000
0.000000
0.049713
0.111170
0.000000
0.000000
0.025054
0.096306
0.025054
0.025054
0.096306
0.096306
0.000000
0.000000
0.096306
0.000000
0.000000
0.025054
0.000000
0.000000
0.000000
0.000000
0.111170
0.111170
0.000000
0.025054
0.096306
0.000000
0.000000
0.000000
0.049713
0.096306
0.000000
0.000000
0.025054
0.096306
0.025054
0.000000
0.000000
0.000000
0.000000
0.000000
0.000000
0.000000
0.096306
0.000000
0.025054
0.000000
0.096306
0.000000
0.000000
0.000000
0.049713
0.000000
0.049713
0.049713
0.000000
0.111170
0.000000
0.000000
0.049713
0.049713
0.049713
0.000000
0.096306
0.000000
0.000000
0.000000
0.000000
0.111170
0.000000
0.000000
0.096306
0.049713
0.000000
0.000000
0.000000
0.000000
0.000000
0.000000
0.096306
0.000000
0.000000
0.025054
0.000000
0.000000
0.111170
0.096306
0.000000
0.096306
0.000000
0.000000
0.000000
0.049713
0.000000
0.096306
0.111170
0.000000
0.049713
0.049713
0.000000
0.096306
0.000000
0.000000
0.025054
0.000000
0.000000
0.111170
0.025054
0.000000
0.000000
0.000000
0.000000
0.049713
0.000000
0.111170
0.000000
0.096306
0.049713
0.000000
0.096306
0.000000
0.025054
0.000000
0.000000
0.000000
0.000000
0.000000
0.025054
0.000000
0.025054
0.000000
0.000000
0.000000
0.111170
0.000000
0.000000
0.000000
0.000000
0.000000
0.000000
0.012527
0.049911
0.124089
0.246420
0.427504
0.677015
1.003549
1.414488
1.915886
2.499842
3.157158
3.877476
4.649450
5.460916
6.299090
7.150766
8.002528
8.840956
9.652842
10.425392
11.146438
11.804619
12.389565
12.892062
13.304192
13.619461
13.832904
13.977804
14.063823
14.101549
14.102331
14.078104
14.041191
14.004120
13.979418
13.979418
13.979418
13.979418
13.979418
0.000000
0.012527
0.049911
0.124089
0.246420
0.427504
0.677015
1.003549
1.414488
1.915886
2.499842
3.157158
3.877476
4.649450
5.460916
6.299090
7.150766
8.002528
8.840956
9.652842
10.425392
11.146438
11.804619
12.389565
12.892062
13.304192
13.619461
13.832904
13.941157
13.942515
13.836957
13.626144
13.313400
12.903651
12.403355
11.820391
11.163944
10.444356
9.672963
8.861918
8.024000
7.172410
6.320563
5.481883
4.669579
3.896451
3.174677
2.515631
1.929695
1.426101
1.012781
0.696248
0.481489
0.371886
0.369168
0.473376
0.682869
0.994347
1.402901
0.000000
0.012527
0.049911
0.124089
0.246420
0.427504
0.677015
1.003549
1.414488
1.915886
2.499842
3.157158
3.877476
4.649450
5.460916
6.299090
7.150766
8.002528
8.840956
9.652842
10.425392
11.146438
11.804619
12.389565
12.892062
13.304192
13.619461
13.832904
13.941157
13.942515
13.836957
13.626144
13.313400
12.903651
12.403355
11.820391
11.163944
10.444356
9.672963
8.861918
8.024000
7.172410
6.320563
5.481883
4.669579
3.896451
3.174677
2.515631
1.929695
1.426101
1.012781
0.696248
0.481489
0.371886
0.369168
0.473376
0.682869
0.994347
1.402901
1.902097
2.484068
3.139646
3.858503
4.629314
5.439935
6.182361
6.847968
7.429339
7.920390
8.316453
8.614361
8.812491
0.000000
0.012527
0.049911
0.124089
0.246420
0.427504
0.677015
1.003549
1.414488
1.915886
2.499842
3.157158
3.877476
4.649450
0.000000
0.012527
0.049911
0.124089
0.246420
0.427504
0.677015
1.003549
1.414488
1.915886
2.499842
3.157158
3.877476
4.549642
5.163055
5.708041
6.176004
6.559562
6.852661
7.050674
7.150472
7.150472
7.150472
7.150472
7.150472
7.150472
7.150472
7.150472
7.150472
7.150472
7.150472
7.150472
7.150472
7.150472
7.150472
